# Pay attention to use ABSOLUTE path to include ```Eigen/Dense```
I don't know why relative path doesn't work on my laptop. This is just a notification.

# Test the correctness of the code

### 1. LDLT Factorization
The self-contained implementation of LDLT factorization is named as `LDLT.cpp`. There will be output log named as `LDLT_log.txt` for print the result of test the implementation using a random 10 by 10 matrix.

For your convenience, I put the result here:
```
######################################
########## A NEW TEST START ##########
######################################

---- The input matrix A ----
   4.25628   0.302959   0.902149  -0.349811    0.48066  -0.662914   0.112283  -0.922398    1.18373   -1.05571
  0.302959    3.20965    1.45389     1.2855  0.0861686   -1.41591    -0.3314  -0.382918    0.86669   -2.28343
  0.902149    1.45389    3.56271    1.83601   0.231588  -0.758116   -1.29015   -2.53903   0.662746   -1.73546
 -0.349811     1.2855    1.83601    4.45255    2.44003   -1.56075  -0.668679  -0.670677   0.862772   -1.00383
   0.48066  0.0861686   0.231588    2.44003    3.65008  -0.783823 -0.0958171   0.815253   0.139301  -0.448117
 -0.662914   -1.41591  -0.758116   -1.56075  -0.783823    2.48799   0.884205    0.23327   0.236144    1.31575
  0.112283    -0.3314   -1.29015  -0.668679 -0.0958171   0.884205    2.00082    1.09144  0.0234287     0.1491
 -0.922398  -0.382918   -2.53903  -0.670677   0.815253    0.23327    1.09144     3.6093   0.189142  -0.162733
   1.18373    0.86669   0.662746   0.862772   0.139301   0.236144  0.0234287   0.189142    2.39706  -0.653716
  -1.05571   -2.28343   -1.73546   -1.00383  -0.448117    1.31575     0.1491  -0.162733  -0.653716    3.26421
---- The output matrix L ----
          1           0           0           0           0           0           0           0           0           0
  0.0711795           1           0           0           0           0           0           0           0           0
   0.211957    0.435897           1           0           0           0           0           0           0           0
 -0.0821872    0.411031    0.484123           1           0           0           0           0           0           0
    0.11293   0.0162968   0.0387098    0.743395           1           0           0           0           0           0
   -0.15575   -0.429325 -0.00758704   -0.322057   0.0494675           1           0           0           0           0
  0.0263805   -0.106456    -0.42159   0.0137601  -0.0504687    0.525793           1           0           0           0
  -0.216715  -0.0995151   -0.797336    0.139488    0.374206   0.0334465    0.145451           1           0           0
   0.278113    0.245424    0.025594    0.186652   -0.254735    0.668758   -0.412726    0.545766           1           0
  -0.248036   -0.692669   -0.198539   0.0256153   -0.184963    0.166307   -0.409513   -0.688046    0.545099           1
---- The output matrix D ----
 4.25628        0        0        0        0        0        0        0        0        0
       0  3.18808        0        0        0        0        0        0        0        0
       0        0  2.76574        0        0        0        0        0        0        0
       0        0        0  3.23697        0        0        0        0        0        0
       0        0        0        0  1.80194        0        0        0        0        0
       0        0        0        0        0  1.45681        0        0        0        0
       0        0        0        0        0        0   1.0622        0        0        0
       0        0        0        0        0        0        0  1.28012        0        0
       0        0        0        0        0        0        0        0 0.430531        0
       0        0        0        0        0        0        0        0        0 0.347588
---- The result of LDL^{T} (this should equal to A)----
   4.25628   0.302959   0.902149  -0.349811    0.48066  -0.662914   0.112283  -0.922398    1.18373   -1.05571
  0.302959    3.20965    1.45389     1.2855  0.0861686   -1.41591    -0.3314  -0.382918    0.86669   -2.28343
  0.902149    1.45389    3.56271    1.83601   0.231588  -0.758116   -1.29015   -2.53903   0.662746   -1.73546
 -0.349811     1.2855    1.83601    4.45255    2.44003   -1.56075  -0.668679  -0.670677   0.862772   -1.00383
   0.48066  0.0861686   0.231588    2.44003    3.65008  -0.783823 -0.0958171   0.815253   0.139301  -0.448117
 -0.662914   -1.41591  -0.758116   -1.56075  -0.783823    2.48799   0.884205    0.23327   0.236144    1.31575
  0.112283    -0.3314   -1.29015  -0.668679 -0.0958171   0.884205    2.00082    1.09144  0.0234287     0.1491
 -0.922398  -0.382918   -2.53903  -0.670677   0.815253    0.23327    1.09144     3.6093   0.189142  -0.162733
   1.18373    0.86669   0.662746   0.862772   0.139301   0.236144  0.0234287   0.189142    2.39706  -0.653716
  -1.05571   -2.28343   -1.73546   -1.00383  -0.448117    1.31575     0.1491  -0.162733  -0.653716    3.26421
---- The result of PA (should identical to LDL^T) ----
   4.25628   0.302959   0.902149  -0.349811    0.48066  -0.662914   0.112283  -0.922398    1.18373   -1.05571
  0.302959    3.20965    1.45389     1.2855  0.0861686   -1.41591    -0.3314  -0.382918    0.86669   -2.28343
  0.902149    1.45389    3.56271    1.83601   0.231588  -0.758116   -1.29015   -2.53903   0.662746   -1.73546
 -0.349811     1.2855    1.83601    4.45255    2.44003   -1.56075  -0.668679  -0.670677   0.862772   -1.00383
   0.48066  0.0861686   0.231588    2.44003    3.65008  -0.783823 -0.0958171   0.815253   0.139301  -0.448117
 -0.662914   -1.41591  -0.758116   -1.56075  -0.783823    2.48799   0.884205    0.23327   0.236144    1.31575
  0.112283    -0.3314   -1.29015  -0.668679 -0.0958171   0.884205    2.00082    1.09144  0.0234287     0.1491
 -0.922398  -0.382918   -2.53903  -0.670677   0.815253    0.23327    1.09144     3.6093   0.189142  -0.162733
   1.18373    0.86669   0.662746   0.862772   0.139301   0.236144  0.0234287   0.189142    2.39706  -0.653716
  -1.05571   -2.28343   -1.73546   -1.00383  -0.448117    1.31575     0.1491  -0.162733  -0.653716    3.26421
```


###  2. Householder reduction to Hessenberg form for Hermitian matrices
The self-contained implementation of  householder reduction to Hessenberg form for Hermitian matrices is named as `ReductionToHessenberg.cpp`. There will be output log named as `Hessenberg_log.txt` for print the result of test the implementation using a random 10 by 10 matrix.

For your convenience, I put the result here:
```
######################################
########## A NEW TEST START ##########
######################################

---- The input matrix A ----
   4.25628   0.302959   0.902149  -0.349811    0.48066  -0.662914   0.112283  -0.922398    1.18373   -1.05571
  0.302959    3.20965    1.45389     1.2855  0.0861686   -1.41591    -0.3314  -0.382918    0.86669   -2.28343
  0.902149    1.45389    3.56271    1.83601   0.231588  -0.758116   -1.29015   -2.53903   0.662746   -1.73546
 -0.349811     1.2855    1.83601    4.45255    2.44003   -1.56075  -0.668679  -0.670677   0.862772   -1.00383
   0.48066  0.0861686   0.231588    2.44003    3.65008  -0.783823 -0.0958171   0.815253   0.139301  -0.448117
 -0.662914   -1.41591  -0.758116   -1.56075  -0.783823    2.48799   0.884205    0.23327   0.236144    1.31575
  0.112283    -0.3314   -1.29015  -0.668679 -0.0958171   0.884205    2.00082    1.09144  0.0234287     0.1491
 -0.922398  -0.382918   -2.53903  -0.670677   0.815253    0.23327    1.09144     3.6093   0.189142  -0.162733
   1.18373    0.86669   0.662746   0.862772   0.139301   0.236144  0.0234287   0.189142    2.39706  -0.653716
  -1.05571   -2.28343   -1.73546   -1.00383  -0.448117    1.31575     0.1491  -0.162733  -0.653716    3.26421
---- The output matrix Q ----
         1          0          0          0          0          0          0          0          0          0
         0  -0.134447  -0.474843   0.253479  0.0563307  -0.378489   0.268097  -0.238138   -0.23095  -0.603197
         0  -0.400356  -0.348197   0.230269  -0.144777   0.543206    0.13313  -0.398721   0.375229   0.178656
         0   0.155239  -0.688937  -0.354179  -0.155389  -0.204668  -0.510421  0.0356366   0.108321   0.190408
         0  -0.213307  0.0988837  -0.647688  -0.517692   0.228971   0.148297  0.0462337 -0.0737653   -0.41859
         0   0.294188  0.0273223   0.538329  -0.502443   0.267876  -0.388824   0.216156 -0.0563713  -0.312437
         0 -0.0498288   0.304235  0.0113166 -0.0910905  -0.417761  -0.189657  -0.212663    0.75704  -0.260199
         0   0.409342 -0.0163818  0.0661108  -0.554828  -0.283313   0.512053  -0.192794  0.0122463   0.374409
         0  -0.525314   0.238249   0.114376  -0.294402  -0.295912  -0.367629  -0.315275  -0.422524   0.258629
         0   0.468503   0.136139  -0.174364   0.168709   0.230747  -0.208267  -0.743228  -0.183649   -0.14273
---- The output matrix H ----
     4.25628     -2.25337 -2.22045e-16  5.55112e-17            0  1.11022e-16 -2.77556e-17  2.22045e-16 -2.22045e-16            0
    -2.25337      5.33021      4.62815  4.44089e-16 -1.11022e-16  5.55112e-17            0  1.11022e-16            0            0
-2.22045e-16      4.62815      6.27442      1.80119            0            0            0            0            0            0
 5.55112e-17  4.44089e-16      1.80119       4.4049      1.45516            0            0  1.11022e-16            0            0
           0 -1.11022e-16            0      1.45516      3.55761      1.39936 -5.55112e-17            0 -1.38778e-17 -2.77556e-17
 1.11022e-16  5.55112e-17            0            0      1.39936      3.48669     -1.28048  2.22045e-16 -1.11022e-16 -2.77556e-17
-2.77556e-17            0            0            0 -5.55112e-17     -1.28048      2.60859     0.835892            0            0
 2.22045e-16  1.11022e-16            0  1.11022e-16            0  2.22045e-16     0.835892     0.683916     0.404266 -5.55112e-17
-2.22045e-16            0            0            0 -1.38778e-17 -1.11022e-16            0     0.404266      1.27523    -0.340436
           0            0            0            0 -2.77556e-17 -2.77556e-17            0 -5.55112e-17    -0.340436       1.0128
---- The result of QHQ* (this should equal to A)----
   4.25628   0.302959   0.902149  -0.349811    0.48066  -0.662914   0.112283  -0.922398    1.18373   -1.05571
  0.302959    3.20965    1.45389     1.2855  0.0861686   -1.41591    -0.3314  -0.382918    0.86669   -2.28343
  0.902149    1.45389    3.56271    1.83601   0.231588  -0.758116   -1.29015   -2.53903   0.662746   -1.73546
 -0.349811     1.2855    1.83601    4.45255    2.44003   -1.56075  -0.668679  -0.670677   0.862772   -1.00383
   0.48066  0.0861686   0.231588    2.44003    3.65008  -0.783823 -0.0958171   0.815253   0.139301  -0.448117
 -0.662914   -1.41591  -0.758116   -1.56075  -0.783823    2.48799   0.884205    0.23327   0.236144    1.31575
  0.112283    -0.3314   -1.29015  -0.668679 -0.0958171   0.884205    2.00082    1.09144  0.0234287     0.1491
 -0.922398  -0.382918   -2.53903  -0.670677   0.815253    0.23327    1.09144     3.6093   0.189142  -0.162733
   1.18373    0.86669   0.662746   0.862772   0.139301   0.236144  0.0234287   0.189142    2.39706  -0.653716
  -1.05571   -2.28343   -1.73546   -1.00383  -0.448117    1.31575     0.1491  -0.162733  -0.653716    3.26421

```







